-0.441869 -0.137136 1.6642
0.481852 0.0949686 1.36919
0.846235 0.763923 1.72498
0.00205052 0.0897121 1.39977
-0.425213 -0.120415 1.49537
1.04984 0.368916 2.44241
0.796092 0.108758 2.03334
0.706665 0.0325175 1.41206
0.748794 -0.0737029 1.64255
0.114758 0.78948 1.55378
0.047528 0.0539228 1.44015
0.101083 0.0713197 1.39612
-0.58095 0.0881068 1.29389
1.14721 0.611535 1.99468
-0.168634 -0.654945 2.93821
0.50138 -0.168034 1.94385
-0.609621 0.157675 1.31234
-0.116726 0.884887 1.58822
-0.609588 0.158479 1.33205
-0.0952217 -0.0777293 1.62962
-0.442474 -0.171567 1.63368
0.227554 -0.186577 1.94649
0.636098 0.12569 1.35478
0.374493 -0.136241 1.84912
-0.382634 -0.124111 1.75914
0.404699 0.0794816 1.38007
-0.190562 0.935715 1.4437
-0.365352 0.932179 1.39323
0.449719 0.820877 1.56437
0.35794 0.85806 1.60587
-0.456344 -0.261214 1.58623
0.0507934 0.118073 1.35395
0.273014 0.0687981 1.41994
0.493997 -0.15839 1.94668
0.82012 0.276067 2.20037
-0.289062 0.19784 1.25937
0.524295 0.150086 1.20645
0.359605 0.199811 1.24695
0.863601 0.0843085 2.18096
-0.699017 0.91435 1.50892
0.725525 0.167994 1.45363
-0.684304 0.903222 1.48464
0.126838 0.905228 1.46283
-0.404067 0.0381246 1.54476
-0.176295 -0.425312 2.38098
0.593406 0.216589 1.20996
0.760492 0.733716 1.8462
0.568927 -0.237158 3.54226
1.08005 0.350169 2.49755
0.716265 0.726471 1.70202
-0.114606 0.965316 1.32575
0.0661305 -0.415649 2.2287
0.942808 0.453078 2.32974
0.151185 0.239821 1.16524
0.804308 0.437138 2.42404
0.736243 0.46119 2.2215
0.747488 0.267121 2.14033
0.568582 0.00328519 1.54676
-0.0848143 0.830486 1.65129
0.703843 0.200394 1.20556
0.432725 -0.335031 2.20879
0.567098 0.556909 2.07306
0.793048 0.692753 1.87672
1.05058 0.266277 2.60057
0.80378 0.648134 1.9239
0.452252 -0.0585924 2.2126
-0.248465 -0.639075 2.94797
0.44853 0.0819986 1.37819
0.499515 0.0531453 1.44107
-0.159098 -0.263919 2.10113
0.705453 0.198693 1.20322
0.0969879 -0.131594 1.85739
-0.297471 -0.379399 2.25852
0.647971 0.161703 1.23687
0.637757 0.0401769 1.4319
0.443619 0.0442733 1.4191
0.410433 0.939172 1.46434
-0.522931 0.981798 1.28323
0.681921 0.318035 1.05155
0.924939 0.798314 1.69954
0.541432 0.309463 0.978832
-0.812955 -0.287911 2.03469
-0.0994318 -0.519465 1.90929
0.137262 0.149011 1.32608
-0.80575 -0.0365525 1.69571
0.563102 0.744418 1.79255
0.109368 -0.137798 1.83482
0.350064 0.109759 1.19982
0.0681113 0.914458 1.43713
0.64689 0.187153 1.23771
-0.11868 0.0499513 1.47071
0.365717 -0.0377992 1.49758
0.0799092 0.274209 1.09288
0.189925 -0.538875 2.27669
1.03704 0.45196 2.49555
0.193523 -0.877824 2.85689
0.393248 -0.357972 2.23388
0.959492 0.630618 2.05833
0.8984 0.669163 1.97036
-0.397793 0.923392 1.32769
0.961031 0.595678 2.03571
0.175341 -0.426772 1.47488
-0.0397552 0.0369017 1.50357
0.813107 0.643113 2.02223
-0.29893 0.0873584 1.41539
0.749953 -0.0586224 1.69136
0.138259 -0.105511 1.53621
1.29838 0.559108 2.0663
0.454168 0.00219652 1.46461
-0.232135 -0.425741 1.54165
-0.999008 -0.15843 1.60193
0.348256 -0.0359513 1.48885
0.465403 0.2281 1.16233
0.455084 -0.210796 1.99262
1.15193 0.615549 2.00946
-0.696759 -0.150843 1.46509
0.729245 0.164061 1.33622
-0.296329 -0.426065 2.25734
-0.99829 -0.160334 1.60318
0.498378 0.238136 1.14427
0.0185566 -0.28929 2.16205
0.390373 -0.173 3.45012
0.798388 -0.181827 2.25886
0.0380081 -0.298871 2.22668
0.207563 -0.40115 2.27445
0.455258 -0.140754 2.05433
-0.189817 -0.695435 2.94079
0.341711 0.15036 1.13446
0.302096 0.269615 1.10067
0.166113 0.0593107 1.44855
0.0129919 0.253097 1.12748
-0.701983 0.767125 1.82129
-0.501769 0.972564 1.28646
0.445458 -0.216964 3.47439
0.395029 -0.165651 3.45021
1.10111 0.38581 2.67536
0.17576 -0.20939 1.52398
0.533717 -0.240494 3.6098
0.0382603 -0.363791 2.2396
0.566641 -0.36037 2.32556
0.367153 0.168084 1.22599
0.238073 -0.429468 2.26891
0.424287 0.0672963 1.32797
1.1486 0.451567 2.2672
0.338786 0.204103 1.14435
-0.361483 0.938494 1.39373
0.679887 -0.0357891 1.58004
0.725904 -0.0820896 2.10146
0.277124 -0.250561 2.35272
0.347516 0.147733 1.13902
0.491357 -0.0561886 2.11969
0.834518 0.101337 2.17802
0.531759 0.829642 1.68376
0.817918 0.519637 2.35441
0.717112 0.189377 1.44149
0.480878 -0.0936775 2.10869
0.330063 -0.0802828 3.30084
0.493972 -0.237854 2.22899
0.655336 -0.160075 2.16657
0.753688 -0.177802 2.21857
0.750247 -0.0634367 1.66612
0.446225 0.0809293 1.37705
0.0752049 -0.0365783 1.63863
0.134002 0.151086 1.32883
0.0860747 -0.00472275 1.53793
0.411046 -0.527297 3.97411
0.147977 -0.0719499 1.58997
0.0386507 -0.0415615 1.63774
0.694372 0.299326 0.993507
-0.494449 -0.134379 1.44835
0.95082 0.514351 2.2509
-0.607657 0.0475582 1.27633
0.824171 0.358275 2.2428
-0.50877 -0.11162 1.43892
-0.375372 -0.518165 2.05801
0.138081 0.279801 1.06012
0.136601 -0.187391 1.59381
-0.324501 -0.448493 2.28298
0.136411 0.343187 1.03133
1.0244 0.471428 2.30793
-0.0375286 -0.481795 2.47141
0.157543 0.181099 1.1854
0.397732 -0.473422 2.16979
-0.0938027 0.173039 1.19478
0.260655 -0.104208 3.31799
0.763598 0.0840471 1.42281
0.638259 0.795671 1.71742
0.17252 0.21744 1.18814
0.537056 0.13401 1.23882
0.188529 0.185455 1.23575
0.407697 -0.459227 2.16005
0.429001 -0.336346 2.21676
0.453357 -0.378337 2.21444
-0.0383265 0.0445247 1.38246
0.347254 0.0690989 1.3816
0.538331 0.144249 1.23212
0.827681 0.552469 2.17042
-0.1028 -0.0587455 1.64211
0.584765 0.137911 1.26962
0.567106 -0.454 2.52067
0.549091 0.140577 1.18651
-0.199918 -0.431906 2.38559
-0.551338 0.00817551 1.56384
0.275539 -0.111165 3.30497
-0.170034 -0.291136 2.11926
0.029487 -0.377432 2.26927
0.260959 -0.481293 2.26758
0.0502609 0.939751 1.4732
-0.355784 0.904364 1.56342
-0.428362 -0.167944 1.39803
0.506873 -0.0743216 1.53446
-0.248467 -0.199148 1.59191
1.09554 0.376221 2.48986
0.285863 0.129118 1.31498
0.745926 0.0942157 1.33165
0.822521 0.454222 2.20551
0.722938 0.152525 1.30106
0.723117 0.149923 1.30613
-0.823785 -0.0390935 1.71379
0.535507 -0.274201 2.16843
0.631018 0.763099 1.64064
0.53842 -0.286038 2.19326
0.520303 -0.220695 2.04207
-0.144872 0.944718 1.48344
0.5629 -0.00945081 1.51793
-0.346012 1.12014 1.12381
-0.409272 -0.12834 1.4704
0.506132 -0.188341 1.99724
0.826263 0.530753 2.21339
-0.190392 -0.12158 1.59065
0.990935 0.366671 2.36147
0.381973 0.143793 1.31495
0.582334 0.164409 1.27667
0.00631499 -0.239795 1.80475
0.843615 0.770821 1.72136
-0.213699 -0.425776 2.41388
0.307118 0.12805 1.19177
0.746363 0.764053 1.55275
0.592488 0.250933 1.24304
-0.118384 1.01911 1.26733
0.0499184 0.11463 1.35416
0.640305 0.201409 1.21334
0.133169 0.975875 1.46228
0.444129 -0.466466 2.16655
0.0417317 0.0619964 1.4552
1.15593 0.729478 1.8309
-0.232897 0.965946 1.33441
-0.185906 0.948594 1.36979
0.983098 0.380226 2.43045
-0.604053 0.12153 1.31768
-0.200029 0.0450429 1.48207
1.0536 0.301799 2.61027
0.710284 0.0734558 1.42343
-0.10618 -0.00963454 1.60586
0.793126 -0.0541868 1.6467
0.562929 0.15329 1.18676
0.243226 0.0380625 1.50778
1.05123 0.612279 2.02085
-0.100583 0.917992 1.42787
0.22081 -0.0230327 1.63119
-0.380139 -0.0623296 1.52685
0.367774 0.171715 1.22988
0.254138 0.070506 1.45445
-0.335531 -0.451523 2.29343
0.352038 0.0386163 1.42898
0.786984 -0.0898465 2.14017
0.465358 0.356372 0.973214
0.585157 -0.018185 1.5586
0.503176 -0.066328 1.52874
0.744803 -0.0832985 2.076
0.227573 -0.374368 2.29965
0.750059 -0.0689636 1.62548
0.425369 -0.702753 4.54616
0.492363 -0.0906671 2.07828
0.272114 -0.129238 3.33453
0.639654 0.139733 1.2208
0.450366 -0.0988295 2.10505
0.529763 0.149 1.19463
0.0294545 0.907016 1.45515
0.598936 0.146193 1.2457
0.772176 -0.17809 2.2638
0.423467 -0.208038 3.50785
0.960928 0.617682 2.07342
0.804215 0.670955 1.94675
0.8202 0.60363 2.09518
0.841682 0.0115936 2.13534
0.91195 -0.0047 2.2615
0.82227 0.555425 2.23829
0.831082 0.522639 2.10269
0.827843 0.422403 2.10716
0.0472744 0.133018 1.33979
-0.279769 0.084435 1.40993
0.223092 -0.437258 2.28696
0.812265 0.0716708 2.09027
-0.567022 -0.13668 1.3954
-0.727917 0.000499375 1.43772
0.0766283 -0.0422489 1.65178
0.559459 0.150434 1.18999
1.25567 0.538694 2.1958
0.517896 0.749952 1.78588
0.694505 0.280539 1.12192
-0.155347 -0.263802 2.08309
0.0509425 -0.299641 2.21195
0.0636828 -0.221323 2.01698
0.687426 0.2569 1.12778
0.438014 -0.337922 2.21359
0.0411336 0.130819 1.34349
0.163261 0.102356 1.40376
0.644994 0.329967 2.52412
0.655109 0.374175 0.972615
0.779765 0.0132639 1.6575
0.141744 -0.0958007 1.53523
0.41477 -0.0939877 1.52254
0.450584 -0.0744319 1.72254
1.09074 0.364084 2.4604
0.980417 0.393091 2.44655
0.505111 -0.0787821 1.53482
-0.231539 -0.42827 1.54293
0.311568 0.131852 1.15622
0.550395 -0.302072 2.1912
0.805194 0.196139 2.23557
0.606721 0.206817 1.17892
-0.822153 -0.334302 1.99677
0.832993 0.582856 2.08117
0.455641 0.0373806 1.41126
0.411359 -0.451626 2.36461
-0.585452 -0.270337 1.54604
0.307301 -0.475439 2.30134
-0.564206 0.903521 1.5773
0.0821729 -0.02059 1.62809
0.259062 -0.480586 2.27669
0.192039 0.181194 1.22949
0.0677492 -0.0213119 1.62077
0.219793 -0.539292 2.89869
0.719896 -0.000994695 1.48855
0.277798 -0.398474 2.32798
0.338768 0.201272 1.14343
0.72192 -0.0121555 1.51921
-0.455769 -0.254113 1.58256
0.158919 -0.0754344 1.57181
-0.136904 1.04011 1.29006
0.0368594 -0.0453207 1.63569
0.277793 0.0996995 1.37988
0.563169 0.130239 1.26894
-0.206126 0.932286 1.43786
0.654558 -0.157887 2.152
1.04318 0.259271 2.58797
0.703718 0.730153 1.68783
0.818337 0.283603 2.20606
0.786899 0.703627 1.86966
0.331282 -0.0775338 3.30026
0.707686 0.035988 1.41481
0.169638 0.166284 1.22544
0.608474 0.784125 1.65301
0.160715 0.0700966 1.40261
0.58703 0.214857 1.2121
0.20964 -0.577159 2.34182
0.199717 -0.381582 2.31167
0.461546 0.746261 1.42089
-0.0788305 0.0538036 1.44438
-0.194569 0.0425229 1.47138
0.180161 -0.693317 2.91416
0.313852 0.132519 1.15965
0.708989 0.0612399 1.43441
-0.0299055 -0.493679 2.52701
0.190395 0.186489 1.24785
-0.0828475 -0.361945 2.28296
0.283131 0.124714 1.1658
-0.999312 -0.159085 1.60208
0.7073 0.0314255 1.40552
0.267516 -0.476179 2.40835
-0.410189 0.0373818 1.54719
0.498046 0.236685 1.20447
-0.50085 -0.0163445 1.56426
0.452903 0.0406409 1.41041
0.729654 -0.0404878 2.08635
0.179284 -0.428103 1.4778
0.96531 0.620855 2.08231
0.567027 0.541699 2.04016
0.331074 -0.0805793 3.30157
-0.676259 0.0600317 1.55494
0.716143 0.291054 2.17109
0.950257 0.755928 2.0094
0.195015 -0.368257 1.49531
1.21928 0.484538 2.14382
0.658354 -0.162011 2.15623
-0.0316147 -0.805066 2.72512
0.702001 0.20722 1.21641
-0.0228483 -0.493845 2.55089
0.43186 0.233875 1.15475
0.516929 0.799905 1.32447
0.598405 -0.00445983 2.0957
0.892005 -0.0330625 2.22096
0.751255 -0.123283 2.13076
0.282363 0.0983843 1.36458
-0.171117 -0.253748 2.02188
-0.0552033 -0.185459 1.85892
0.315564 0.0269725 1.35954
0.441264 -0.126763 3.35266
0.122788 -0.190311 1.94979
0.619763 0.116635 1.26406
-0.294074 0.860947 1.65448
0.58998 -0.0669862 1.58681
0.761504 -0.0617775 2.10295
0.557692 -0.00995214 1.52573
1.20328 0.759878 1.79165
0.511568 -0.0631679 1.71058
0.0527768 0.926296 1.4987
-0.46007 -0.257438 1.58281
0.127544 0.148948 1.33213
0.032475 0.0620858 1.4677
-0.360738 -0.0106103 1.63598
-0.178671 -0.0405856 1.67009
0.544204 0.143326 1.23532
0.344786 0.0850134 1.38733
-0.407719 -0.451702 2.078
0.224754 -0.00574512 3.13885
0.411186 0.106696 1.37062
0.133677 0.13315 1.32134
-0.465196 0.960864 1.3221
0.481983 0.1021 1.37138
0.475309 -0.0752166 1.72473
0.796087 0.689247 1.89013
0.484607 -0.0671212 2.1162
1.07714 0.460573 2.29106
-0.415937 -0.215244 1.48545
0.40353 0.10903 1.37769
-0.398274 -0.0669829 1.66603
-0.0918938 -0.524131 1.89687
-0.575817 -0.2648 1.54088
-0.0246434 -0.823597 2.71855
0.829336 0.536556 2.201
-0.0145244 -0.741662 2.85028
0.485472 -0.177099 2.05462
-0.286759 0.073431 1.42743
0.157015 -0.791853 2.92004
-0.208419 0.916441 1.41894
0.445961 0.0759367 1.37378
-0.639506 0.00202964 1.62606
-0.349366 0.910643 1.56098
0.395377 -0.179269 3.45549
0.800091 0.222755 2.2501
0.750582 0.0499638 1.88555
0.166013 -0.686912 2.90358
-0.413807 0.949814 1.33058
0.203461 -0.0170049 1.64281
-0.842203 -0.0341586 1.73513
-0.37849 -0.0607864 1.5238
0.86262 -0.105501 2.23241
0.34842 -0.0356386 1.48902
0.198306 -0.370442 2.29251
-0.778995 -0.230324 2.06173
0.171157 -0.423947 1.47656
0.443574 -0.411789 2.19192
0.896497 0.573902 2.13079
-0.430679 0.0694579 1.50899
0.823902 0.588919 2.20772
0.830411 0.542492 2.05664
0.865735 0.0778415 2.13108
1.05116 0.610591 2.01348
-0.112541 -0.541111 1.8535
0.665157 -0.166932 2.10371
-0.0120638 0.124268 1.35694
0.329912 -0.0845999 3.30228
-0.293702 0.0732909 1.43159
0.611705 0.12418 1.28346
-0.105717 -0.0286924 1.61085
0.481646 -0.458488 2.03959
0.406827 0.0804593 1.37846
-0.0240998 0.0289683 1.48259
-0.0968149 -0.0746031 1.64958
-0.0544602 0.961948 1.34847
-0.0487838 0.0391021 1.51927
0.635957 0.793292 1.70599
-0.0460891 0.0772817 1.43887
0.506622 0.0383882 1.45299
0.719505 -0.00250911 1.49421
-0.171271 0.0458314 1.4847
0.822195 0.588285 2.23832
0.810894 0.809196 1.62514
0.440911 -0.337605 2.24599
0.0442848 0.0281986 1.5394
0.408915 0.945888 1.46823
0.169966 0.16457 1.29964
0.653324 -0.000191759 1.49053
0.843449 0.77617 1.7368
0.82243 0.472992 2.301
0.350276 0.951842 1.44499
0.296113 0.104384 1.35681
0.279214 0.134696 1.32619
-0.606411 -0.13003 1.41797
1.14845 0.602934 1.97964
-0.575393 -0.157136 1.39335
0.0564769 0.89998 1.45154
0.649591 0.0161672 1.46816
0.599573 -0.0105903 2.08855
-0.417547 0.0329723 1.54419
0.314663 0.139191 1.23748
0.27728 0.15243 1.31299
-0.167811 0.0467245 1.47913
0.699993 -0.385437 3.72608
1.15659 0.612033 2.01412
0.198204 -0.538337 2.2631
-0.370594 0.024157 1.57377
0.259066 -0.482438 2.26866
0.734828 0.757485 1.67888
0.560698 0.887179 1.56667
-0.429816 -0.208532 1.62737
0.156622 -0.816524 2.86069
-0.445804 0.971924 1.43322
-0.152297 1.00291 1.35736
-0.376027 -0.0670994 1.52555
0.818881 0.263843 2.19619
-0.400922 -0.0546676 1.69387
-0.234986 -0.294201 1.56703
-0.314714 0.102538 1.4079
-0.604099 -0.0247259 1.59779
0.362401 -0.0774015 1.55227
-0.179333 0.293421 1.06775
0.880263 0.736243 1.81463
-0.266191 0.0659037 1.42763
0.43501 -0.4847 2.17601
-0.107027 0.116127 1.36961
0.307155 0.13859 1.16883
0.262499 0.121761 1.24581
-0.11508 0.911678 1.42738
0.507565 0.0358068 1.444
-0.491312 -0.130502 1.44876
-0.40858 -0.176279 1.57117
0.439986 -0.451564 2.16766
0.44681 -0.47036 2.16967
0.315727 0.130019 1.24509
0.34157 0.0849542 1.38303
-0.149274 0.278996 1.08948
-0.110411 0.953534 1.48821
0.74673 0.730706 1.78692
0.0696743 0.300137 1.04911
0.247284 0.307956 1.04015
-0.138084 -0.519281 1.82958
0.613626 -0.0172521 1.51485
0.706559 0.0382095 1.40569
0.560547 0.885095 1.55932
0.517216 0.747356 1.78646
0.494842 0.869827 1.59612
0.822554 0.0310416 2.08394
0.616755 0.729786 1.54845
-0.0153606 0.0713591 1.48696
0.736908 0.783293 1.58141
-0.428967 -0.214412 1.63022
-0.0537196 -0.424128 1.51379
0.664215 0.832582 1.84757
0.584281 -0.0238549 1.54269
-0.229778 -0.427922 1.54399
-0.441944 -0.150862 1.7744
-0.435495 -0.216928 1.49842
-0.309216 0.0343565 1.51477
0.709024 0.0726388 1.43279
0.657499 0.369137 0.960451
0.640498 -0.0958724 1.67603
0.683534 -0.0366458 1.57523
0.802022 0.207626 2.27119
0.578633 -0.0102871 1.53174
-0.372495 -0.102626 1.49564
0.697244 0.264701 1.12481
0.577287 0.217938 1.19001
-0.59946 0.022609 1.28875
-0.550579 0.121219 1.39017
-0.226716 -0.450573 2.43758
-0.326646 0.123838 1.41646
0.72026 0.21088 1.21459
0.61615 0.828052 1.63853
0.720815 -0.0166051 1.53956
-0.680928 0.901952 1.48696
0.129053 0.236369 1.18432
-0.203113 -0.366007 2.28212
0.472458 0.789434 1.51804
0.0159208 0.109641 1.36648
-0.51851 -0.216017 1.42078
-0.0275308 -0.362594 2.1877
-0.462403 -0.261538 1.5922
-0.428068 -0.176101 1.39897
-0.514225 -0.138147 1.4346
0.340372 0.158464 1.1332
-0.447724 0.97588 1.41797
0.334721 -0.483199 2.368
0.363595 -0.0776137 1.54016
0.668121 -0.0832407 1.65236
-0.0318622 0.108784 1.37025
0.793577 -0.051136 1.66316
0.0260701 -0.427012 2.40327
0.121662 0.876121 1.41258
-0.445905 -0.171664 1.42331
0.450597 0.262615 1.09643
-0.253816 0.213366 1.215
0.164763 0.0622351 1.44946
-0.671179 0.0418327 1.54663
0.166531 0.0588489 1.45235
0.12864 0.151279 1.32594
1.14668 0.400531 2.34286
-0.146874 0.943855 1.48141
0.655915 0.356449 0.95358
0.143592 0.0822834 1.40423
0.610282 -0.0180834 1.54546
0.448719 -0.0801222 1.76949
-0.395126 -0.0439732 1.69911
0.0657128 -0.377864 2.20458
-0.0468553 -0.19741 1.85791
-0.299564 -0.357818 2.24911
0.562134 -0.0467053 1.58285
0.133267 -0.107403 1.54048
0.242303 -0.0341483 1.58176
0.758908 -0.0966497 2.07708
0.350783 -0.0886699 1.51164
0.755817 -0.180284 2.21869
-0.308566 -0.492475 2.53905
0.627997 -0.0587605 1.6079
0.496495 -0.0606508 1.71414
-0.308374 -0.33726 2.25911
0.612858 -0.0187639 1.53665
0.649387 -0.0345989 1.5628
0.43462 -0.0649975 2.28282
0.899656 0.00907064 2.22987
-0.233418 -0.461648 2.45408
-0.0753057 -0.454557 2.45195
0.311236 0.150327 1.25755
0.817414 0.584471 2.14704
0.464212 0.362772 0.981264
-0.464547 -0.0448717 1.50494
-0.0198006 -0.471694 2.4491
0.312701 0.118308 1.27489
-0.304542 -0.450034 2.26638
-0.673193 0.900531 1.47728
0.82202 0.0636727 2.08771
0.127661 0.990752 1.6001
0.337488 0.0683717 1.39981
-0.094161 -0.480585 1.92676
0.332059 0.0323935 1.31832
-0.0714077 -0.510011 1.96112
0.16651 0.0633322 1.43846
-0.196194 0.929337 1.42007
0.495233 -0.0137536 1.55674
0.891699 0.671619 1.95675
0.466232 0.0999763 1.35163
0.0540553 0.891024 1.41765
0.575241 -0.0300936 1.55012
0.195071 -0.220727 1.5231
-0.583288 -0.150716 1.37759
0.556535 -0.00845395 1.47725
0.637737 0.14045 1.2209
1.31197 0.663805 1.95699
-0.00942149 0.0300371 1.47524
-0.4184 -0.216326 1.48699
-0.0981751 -0.0165516 1.59301
0.402628 0.106801 1.37017
0.35866 -0.362824 2.28279
0.963792 0.601739 2.04919
0.425382 -0.453535 2.14797
0.74289 -0.0803477 1.61778
0.0520464 0.0588332 1.42645
0.682238 0.106956 1.40052
-0.512605 -0.0401262 1.54329
0.0380721 0.101788 1.36246
-0.0761548 0.914429 1.44677
0.579673 -0.00247704 1.49795
0.583266 -0.0233777 1.54189
-0.106975 -0.447685 1.91575
-0.0699792 -0.529362 1.88444
-0.158325 -0.471647 1.8363
-0.143999 -0.457289 1.82109
0.558292 -0.00932793 1.52064
-0.0549328 -0.187305 1.85977
0.491681 -0.0794566 1.70725
-0.329039 -0.355517 2.26099
0.18113 0.190523 1.25452
0.342219 -0.453708 2.31747
0.295648 0.104569 1.21165
0.712709 0.0743635 1.42152
0.544244 0.133105 1.23023
-0.436395 -0.204314 1.58292
-0.576883 0.107555 1.297
-0.577611 0.0983492 1.31727
-0.582889 0.148347 1.31369
0.286548 0.0956167 1.35529
-0.666281 0.16479 1.385
-0.0904168 -0.516178 1.91334
0.49468 -0.0651824 1.55803
-0.165125 -0.304849 2.14058
-0.266076 -0.362628 2.37399
0.732569 0.161294 1.35203
-0.158663 -0.469045 1.82583
-0.198196 -0.363305 2.29813
0.295118 -0.0266353 1.45437
0.0548339 0.0866487 1.37746
0.268071 1.0215 1.304
0.402997 -0.167754 3.40458
0.0760655 0.15076 1.37258
-0.0301 1.01103 1.40207
0.499428 0.148966 1.21537
-0.345061 0.929849 1.38524
-0.16199 0.811369 1.30628
0.0451569 0.10818 1.3611
-0.353519 0.904797 1.56139
-0.0982922 -0.367042 2.3252
-0.184761 -0.286239 2.13575
1.06273 0.622448 2.02949
0.86601 0.0807283 2.17928
0.820377 0.605302 2.03081
0.557829 0.148437 1.19379
1.04932 0.271123 2.62747
0.808886 0.263383 2.20793
0.0177392 0.0832489 1.38523
-0.0789137 -0.49352 1.91217
-0.115719 1.02576 1.25331
0.0168862 0.121505 1.38226
1.07926 0.463938 2.29771
0.735565 0.282671 2.17269
0.796954 0.215614 2.28403
0.594254 0.613588 1.95523
0.839344 0.559726 1.97616
0.745077 -0.0772009 1.65024
1.0369 0.400368 2.29643
0.826034 0.549732 2.17059
0.506508 -0.188823 1.99769
0.403073 -0.0849609 1.55211
0.305866 0.222529 1.17256
-0.111354 0.929745 1.44409
-0.210567 -0.297483 2.10044
0.763103 -0.0960607 2.10087
0.424929 -0.211938 3.50998
-0.14363 -0.265532 2.05676
1.08187 0.362686 2.5545
0.0427856 -0.295638 2.22442
0.0647197 -0.147752 1.88094
0.34702 0.0391868 1.4389
0.760149 0.0866992 1.46415
0.788066 0.169887 1.74422
0.190515 -0.879195 2.85573
0.597669 -0.00480551 2.09538
0.492352 0.0616275 1.45024
-0.324318 -0.451315 2.28443
-0.554607 -0.117281 1.41386
0.818891 0.476694 2.25296
-0.669944 0.0422384 1.5463
-0.000490702 -0.234802 1.81526
0.318215 0.220745 1.14823
0.557178 0.157833 1.19378
0.274125 -0.39246 2.33204
0.00470906 -0.749364 2.81113
-0.0457976 0.119113 1.3594
0.581859 0.164197 1.27646
0.62211 0.212013 1.31066
0.211335 -0.392582 2.26759
-0.634707 0.159804 1.36057
1.21254 0.59913 2.15555
-0.00194506 0.0996233 1.37312
1.10725 0.532198 2.20599
0.524185 -0.469237 2.45935
0.425726 -0.494568 2.21233
-0.418876 -0.132506 1.64068
1.08287 0.543827 2.18841
-0.802508 -0.175314 1.96383
-0.324189 0.247966 1.15065
-0.105782 -0.0131213 1.60646
-0.413579 -0.158163 1.44569
0.131078 0.0753385 1.38481
-0.159106 -0.275579 2.10606
0.665511 -0.158534 2.09758
-0.420954 -0.12561 1.6463
-0.161494 -0.300322 2.1407
0.348645 -0.0367957 1.48969
0.447471 0.0436958 1.40952
0.154169 0.170187 1.24447
-0.123832 -0.0294018 1.6338
0.340131 0.203618 1.14278
0.822746 0.435515 2.28818
-0.152332 0.049539 1.48251
0.254553 0.243624 1.15026
-0.515899 -0.0407618 1.54189
0.731273 0.164675 1.33316
-0.144119 0.294519 1.06393
0.588548 0.132338 1.26742
1.05069 0.299893 2.60903
0.554782 -0.0143624 1.53662
0.58093 -0.00377452 1.49977
0.981855 0.380205 2.41618
0.439582 0.0483121 1.41843
0.802994 0.45058 2.45971
0.173409 0.177159 1.19646
0.155899 -0.785796 2.91756
0.0484782 0.0607477 1.44673
0.607882 0.50714 1.9271
0.768429 0.708439 1.80438
0.160789 0.133817 1.30175
0.344507 -0.0349956 1.49232
0.289529 -0.181752 1.94773
0.245495 0.123851 1.27344
0.17553 0.165937 1.25269
0.707822 0.0740762 1.43536
1.10033 0.360401 2.50923
0.745087 0.132648 1.39643
-0.275451 -0.183854 1.58827
0.722221 0.149521 1.30574
0.743035 0.135679 1.37698
0.295012 0.333186 1.00081
0.545979 0.151724 1.18888
0.344265 0.0779044 1.37297
0.737045 0.468197 2.22984
0.696862 0.252398 1.14626
0.723713 0.170054 1.30893
0.850477 0.311585 1.93275
-0.374643 0.92833 1.38843
1.0295 0.568673 2.13978
-0.361008 0.938423 1.39447
0.557623 0.133672 1.25121
-0.169712 0.220594 1.21099
0.818571 0.0385735 2.11097
-0.577912 -0.134572 1.40333
-0.102974 0.924013 1.43845
-0.550718 -0.119363 1.40814
0.760629 -0.179596 2.17963
-0.465114 -0.0260928 1.52488
0.838676 -0.143672 2.2426
0.296004 0.226995 1.1801
0.204266 -0.0164907 1.64971
0.380891 0.0260356 1.42963
-0.342411 0.113218 1.4068
0.772054 -0.0285409 1.82754
-0.215343 0.170122 1.30953
0.293426 0.12458 1.31528
-0.0107169 0.336833 1.04707
0.486681 -0.0760425 1.73614
0.987237 0.829116 1.70069
0.791495 -0.0464752 1.67894
0.311678 0.144584 1.23895
-0.648277 0.168955 1.35593
0.356744 0.295621 1.05253
0.798648 -0.100428 2.15132
0.216724 -0.0240063 1.6149
-0.322027 1.06593 1.17531
0.242356 -0.473469 2.30025
-0.329681 0.986052 1.2942
0.487364 -0.170004 2.01547
0.861974 -0.107858 2.23406
0.162047 -0.686714 2.90094
0.334425 -0.223224 1.98523
0.885792 -0.0324394 2.17298
-0.24246 -0.119838 1.59785
-0.232695 -0.429548 1.5427
0.768385 0.0285601 1.74491
-0.821022 -0.334863 1.99778
-0.399789 -0.0450027 1.68753
0.158381 -0.0773697 1.57263
-0.425636 1.02346 1.24
0.196159 -0.560534 2.47014
0.419152 -0.0688551 1.7078
0.612032 0.263092 1.11003
0.134878 -0.0987128 1.54342
-0.397351 -0.0306167 1.54697
-0.412037 -0.468883 2.08155
0.199682 0.177975 1.22129
0.195717 -0.368584 1.49586
-0.5883 -0.269005 1.54381
0.425723 0.257455 1.11867
-0.0765442 0.0530904 1.47002
0.727954 0.177154 1.30437
-0.567055 -0.255558 1.54247
0.523132 -0.230981 2.06493
0.264077 -0.105761 3.32094
0.00409593 0.186004 1.26279
0.172742 0.217188 1.18591
0.467538 0.307997 1.02844
0.75343 0.370337 1.67765
0.585067 0.641292 2.0042
-0.694351 0.763458 1.81201
0.659149 0.274759 1.08362
0.141901 0.242225 1.17489
0.177778 -0.426901 1.47642
0.305583 0.13764 1.18147
0.293563 0.120615 1.16042
0.515589 0.747875 1.78542
-0.357003 0.0259504 1.55831
0.717682 0.000895438 1.49179
1.16775 0.629015 2.06651
0.137504 0.187113 1.24622
0.721636 -0.0110811 1.51465
0.701493 0.0422904 1.42434
-0.421986 -0.135538 1.64035
0.00820337 -0.747762 2.81285
-0.4163 -0.150763 1.57476
-0.436326 -0.134661 1.66121
0.688922 0.255628 1.12909
0.730841 -0.0907027 2.13118
0.167708 0.083323 1.3904
0.780967 0.02526 1.5585
0.156865 0.131088 1.30563
0.0790736 0.0738401 1.47681
0.0403695 0.104775 1.37016
0.593783 0.139653 1.22838
0.826082 0.0596397 2.08327
0.173293 0.217845 1.18583
0.820006 0.245469 2.15206
-0.42056 0.0676331 1.50479
-0.620883 0.164804 1.32868
0.793513 0.730332 2.21958
0.344878 0.075536 1.38512
-0.0391937 0.241873 1.1743
0.582089 -0.0103711 1.50841
0.576971 0.223739 1.25018
0.484435 -0.00150435 1.38649
0.757269 0.271667 2.14094
-0.63166 0.0311319 1.51625
1.01023 0.51293 2.24791
-0.60167 0.05172 1.30185
0.48261 0.0993699 1.36735
0.14911 -0.369027 2.2935
0.83375 0.565039 1.97435
0.528483 0.149738 1.2033
0.0648601 0.227239 1.27804
0.320886 0.130144 1.14608
-0.477204 -0.257336 1.60118
0.401301 -0.340401 2.2229
0.476264 -0.0643011 2.14044
0.214634 1.01486 1.40531
0.299069 0.100761 1.33522
0.50913 -0.0631402 1.71159
-0.645673 0.0289573 1.53251
1.02252 0.614558 2.058
-0.184307 -0.263736 2.06311
-0.287219 0.99716 1.49001
-0.372682 -0.0630119 1.51681
-0.0936999 0.111244 1.36265
-0.33873 0.920096 1.38212
0.750616 -0.0585517 1.68855
0.585749 0.327611 0.989802
-0.0213897 0.0306897 1.48403
0.106056 -0.0149439 1.51103
-0.368444 0.901859 1.46695
-0.30068 0.0353696 1.50648
0.582017 -0.000627041 1.49543
0.208616 -0.400152 2.2653
0.321739 0.105761 1.38794
0.270216 -0.556076 2.30336
0.873368 -0.0525944 2.22504
0.24245 -0.442939 2.26484
0.349315 0.00462497 1.46375
0.471555 -0.077016 1.78164
0.165116 -0.725841 2.97177
0.347274 -0.078611 1.5303
0.30964 -0.480673 2.299
-0.118399 -0.00357546 1.61558
-0.401659 0.0543597 1.4847
0.42967 -0.498649 2.21627
-0.174823 0.128799 1.38163
0.194976 -0.219625 1.52261
0.562148 0.882617 1.54287
0.535023 -0.0155894 2.1262
-0.127356 0.977932 1.42179
0.667645 -0.081438 1.65029
-0.685562 0.0465583 1.56245
-0.429272 -0.210918 1.62862
0.586763 -0.0645752 1.60783
0.252723 1.00931 1.32503
0.696122 0.271006 1.18437
-0.41107 -0.174471 1.60716
0.682492 -0.0575353 1.6117
0.649447 0.000638126 1.48719
1.1514 0.72213 1.80247
0.808553 0.0709948 2.17791
1.02168 0.462942 2.28326
0.406684 0.0756488 1.38794
0.1503 -0.851676 2.87038
-0.40888 -0.123709 1.64165
0.169257 0.164894 1.29909
0.690867 -0.110673 1.81297
0.312155 0.146183 1.23861
-0.265679 -0.209681 1.56931
0.45425 0.00272384 1.46665
-0.375838 -0.0654377 1.5223
0.274125 0.151821 1.3166
0.322098 0.101403 1.37596
0.0329711 -0.0503423 1.64159
0.634674 0.110268 1.21949
0.950649 0.677612 1.89913
-0.0542331 -0.185913 1.85969
-0.887219 0.849028 1.59523
0.35873 0.0109659 1.44347
0.147323 -0.2172 1.50676
-0.0332133 -0.498172 2.54271
0.571397 0.534145 2.02239
-0.351794 0.908273 1.56219
0.71806 0.169168 1.24351
-0.464091 -0.164478 1.64817
0.169191 0.16304 1.23098
0.428716 -0.434506 2.17287
0.661901 0.776945 1.7224
0.19096 0.98068 1.37807
1.15135 0.60889 1.99317
-0.737932 0.879172 1.62383
-0.481454 -0.151029 1.81582
0.494022 0.367592 0.985701
0.158919 -0.712372 2.94576
-0.254159 0.0385924 1.49233
-0.3189 0.10211 1.42532
0.300025 0.143763 1.31694
0.422819 -0.336742 2.20172
-0.00811264 -0.0607344 1.62943
-0.20293 0.948141 1.45697
0.718218 0.0722474 1.43398
-0.178899 1.09908 1.22449
-0.411146 -0.129612 1.47174
-0.00184061 0.0895499 1.40576
0.461067 0.187948 1.23812
0.695424 0.756999 1.72999
-0.0398034 0.120247 1.35448
-0.0815625 -0.542659 1.89165
0.692427 0.309745 0.972227
-0.0173299 -0.742336 2.84897
0.818159 0.291933 2.21251
0.158001 -0.7914 2.92062
0.501702 0.0262803 1.43597
0.854336 0.598402 2.07095
0.506842 0.0375549 1.4472
0.214043 0.115348 1.35251
-0.143808 -0.454684 1.82021
0.45641 0.106303 1.36925
0.438561 -0.448899 2.16577
-0.0312695 -0.484974 2.4922
-0.232614 -0.362804 2.32283
-0.418576 -0.175937 1.60724
-0.64319 0.00471758 1.62275
-0.46767 -0.0254149 1.53321
0.155989 0.0757526 1.39763
-0.0251476 -0.493249 2.52959
0.131023 -0.856227 2.84374
0.782489 0.00946206 1.64731
0.744231 0.783669 1.91461
0.589988 -0.00734998 1.49887
-0.263243 -0.121078 1.61941
-0.0302823 -0.476469 2.45933
0.155794 0.170867 1.24309
0.982347 0.380126 2.43243
0.780427 0.691898 1.82686
-0.409822 -0.127793 1.65435
-0.485004 -0.136469 1.44561
-0.491613 -0.112966 1.81387
-0.40767 -0.176715 1.5719
0.576918 0.841598 1.70077
-0.545284 -0.150168 1.38171
-0.272352 0.887622 1.3565
0.415012 -0.0945151 1.52425
-0.552517 1.00475 1.34408
-0.213592 -0.427511 2.41574
-0.217036 -0.364121 2.30559
0.197969 -0.542723 2.28249
-0.373686 -0.507315 2.05467
-0.237474 -0.126913 1.59719
-0.600141 0.0255731 1.28722
0.140101 0.0802453 1.39896
-0.134527 1.03887 1.27418
0.00208844 -0.814883 2.71588
0.742309 -0.0839694 1.63553
-0.420185 -0.214004 1.49204
-0.419412 -0.136098 1.61448
-0.11632 0.886852 1.58556
-0.411079 -0.0658667 1.67306
0.153682 0.338295 1.0085
-0.00451074 0.0237211 1.467
0.341646 0.1497 1.13468
0.118834 0.129668 1.32714
0.70486 0.0338915 1.41729
0.0796048 0.0508929 1.42946
0.135957 0.151379 1.32661
0.148633 0.0788203 1.39398
0.648876 0.00376958 1.48701
0.04443 -0.0167325 1.64765
0.68732 -0.0419063 1.56365
-0.423028 -0.177594 1.39712
0.727854 -0.0697024 2.09745
0.633807 0.12914 1.24561
0.119163 -0.444 1.49336
-0.0723357 -0.423523 1.88017
1.30191 0.560042 2.065
0.562874 -0.0360002 1.33576
1.17336 0.626881 2.05693
0.814645 0.486192 2.26654
1.03228 0.402423 2.27984
0.0789136 -0.0264387 1.64515
0.656186 -0.161808 2.15715
0.132867 0.0821637 1.39428
0.322151 0.130167 1.14938
-0.0126624 0.103635 1.37628
0.595363 -0.00538801 2.09415
0.755521 -0.090148 2.11503
0.741863 -0.06036 2.02096
-0.161303 -0.274357 2.09123
0.445535 -0.135665 2.07127
0.375877 0.150554 1.21241
0.558331 0.154544 1.18919
0.824254 0.397471 2.22431
0.132754 -0.102321 1.53786
1.03709 0.421776 2.39517
0.722093 0.708636 1.70091
0.49224 -0.151213 2.08609
0.358832 -0.0533283 3.25949
-0.481066 -0.135986 1.42885
1.1566 0.58432 1.95468
-0.591882 0.00658729 1.29749
-0.430461 -0.0170582 1.50872
0.557496 0.133431 1.25201
0.365952 -0.53642 4.19913
0.345543 0.118556 1.20767
1.03059 0.420305 2.3606
0.338739 0.054076 1.39396
0.575229 -0.447841 2.46454
0.433937 -0.216115 3.4933
0.41884 -0.340284 2.21379
0.341057 0.102804 1.23136
0.504013 -0.0575138 1.55624
-0.354035 0.899221 1.55834
0.552275 0.210378 1.17115
0.490356 0.0574053 1.44341
0.394381 -0.173163 3.45275
0.544824 -0.241847 3.52959
0.775181 -0.163202 2.21103
-0.606419 -0.127417 1.41946
0.431775 -0.209803 3.46361
0.485757 -0.163747 2.02901
0.0588405 0.920718 1.49
0.567453 0.869183 1.52424
0.983679 0.368276 2.40918
0.818066 0.06391 2.09522
0.162711 -0.774391 2.97229
0.535762 -0.0042607 2.12203
-0.00330094 0.0910951 1.40814
0.0109328 0.0357768 1.62276
-0.0472735 -0.480445 2.46513
-0.380507 0.917905 1.59163
0.273843 -0.551379 2.29215
0.816166 0.248416 2.16007
-0.148329 1.06097 1.28839
-0.673557 0.901463 1.47676
-0.39712 -0.0654135 1.66213
0.657114 0.0112042 1.45621
0.126356 0.148643 1.34067
0.720937 -0.0131829 1.51901
0.271277 -0.54734 2.28926
0.491836 -0.0577016 1.73272
0.0686771 -5.70619e-05 1.55995
0.544002 0.824612 1.67707
0.0455891 -0.0462407 1.62691
0.177804 0.193498 1.24567
0.784774 0.144214 1.8511
-0.605615 0.0461722 1.27794
-0.886646 0.0303646 1.53553
0.31481 -0.468637 2.2792
1.13767 0.682219 1.86824
0.951277 0.67736 1.91597
-0.048847 -0.50352 2.53543
-0.0420505 -0.494235 2.5359
0.77176 -0.0496634 2.10344
0.47934 -0.074932 1.7318
0.734258 0.150036 1.39529
0.36626 0.185672 1.23794
0.70768 0.0333128 1.41102
0.0500327 0.930727 1.49503
1.22368 0.495821 2.18148
1.06312 -0.221387 3.36715
1.14842 0.457239 2.28884
0.536493 0.135718 1.24208
0.513971 0.756299 1.79965
-0.422104 -0.128533 1.6496
-0.183299 -0.440077 2.41305
-0.828675 -0.0467869 1.70841
0.0651143 -0.394941 2.23229
0.757096 -0.177222 2.20279
1.04902 0.299614 2.60781
-0.537042 -0.11192 1.42168
0.273879 -0.551376 2.29207
-0.257303 0.0411352 1.49606
0.542246 0.147589 1.22784
-0.145493 0.135945 1.39959
0.493205 0.0571626 1.44722
0.137351 -0.10593 1.5358
-0.0223181 -0.369634 2.1832
0.456173 0.101006 1.3542
-0.428536 -0.21517 1.62145
0.371788 0.114093 1.18122
0.19262 -0.086606 1.5218
0.344267 0.186799 1.13655
0.351563 0.00868122 1.45405
-0.232597 -0.428139 1.54224
0.193574 -0.312057 1.505
0.533003 -0.36002 2.45541
0.222345 -0.118851 3.57326
0.542552 0.144498 1.1996
0.506634 0.148916 1.22814
-0.823138 -0.337103 1.99745
-0.589274 -0.000221915 1.28055
0.0839373 -0.404761 2.20821
-0.391614 -0.129503 1.63152
0.659297 0.00928399 1.49658
0.0687111 0.128987 1.33364
1.04259 0.769102 1.79263
0.184459 -0.421825 1.4839
0.151006 -0.721456 2.9619
0.493902 0.0127737 1.81538
0.0946958 0.956462 1.50222
0.287584 0.129001 1.1654
0.57895 0.521217 1.99108
0.176547 -0.426327 1.47544
0.220952 -0.436753 2.29642
0.548087 0.911069 1.56888
-0.80668 -0.211037 1.85371
0.195734 -0.337822 1.50015
0.540493 0.815376 1.6363
1.01646 0.677216 1.85945
0.222865 -0.0231356 1.626
0.817657 0.617416 2.0113
0.75289 0.278738 2.18554
0.811212 0.643627 1.93745
0.0148215 -0.200019 1.782
0.730107 0.233606 0.974357
0.414596 -0.329553 2.21078
0.341153 0.0868196 1.38881
0.540292 0.217637 1.19867
-0.849121 0.823686 1.56441
-0.165521 -0.427248 2.37249
0.558125 0.153176 1.19182
0.468434 -0.465975 2.4523
-0.137259 1.04574 1.27416
0.24137 -0.479356 2.31016
-0.0961397 -0.0763269 1.6284
0.330507 0.117148 1.21003
0.491704 0.0603927 1.43691
0.814848 0.575506 1.92805
-0.609342 0.0487975 1.28264
0.68555 -0.0538438 1.60686
0.785341 -0.0860651 1.80644
-0.776702 0.965241 1.49458
1.0539 0.607068 2.01815
-0.596755 -0.261152 1.55431
1.15555 0.723938 1.81912
0.193887 -0.221758 1.52276
-0.0573678 -0.619404 2.85254
1.1965 0.74119 1.74925
0.345075 0.0832793 1.39086
-0.377953 -0.0980013 1.49216
-0.453725 -0.16503 1.64131
-0.0271837 0.926672 1.17337
-0.346527 -0.17613 1.65803
0.043867 0.919786 1.44959
0.695044 -0.0416676 1.52156
0.495618 -0.0636889 1.54708
1.10952 0.423618 2.36304
0.292913 -0.364164 3.70682
-0.0180457 0.340315 1.05483
0.624015 0.110386 1.24593
1.28057 0.693076 1.85321
0.154522 -0.820191 2.87824
0.468126 -0.0925332 2.01599
-0.175514 0.950531 1.46887
0.493457 0.0521164 1.45558
-0.63427 0.736863 1.75589
-0.899141 -0.0934467 1.61087
0.0160125 0.322796 1.02319
0.514919 0.227585 1.16504
0.613643 0.000259481 1.50122
-0.114307 0.881038 1.58937
0.452197 -0.0890869 1.64553
0.339635 0.0273322 1.47213
0.0472308 0.0369765 1.52802
-0.120815 -0.0413828 1.65017
-0.0962351 0.935154 1.46646
0.103509 -0.0131107 1.51649
0.0466819 -0.0423355 1.62589
0.203785 0.174932 1.23613
0.217489 -0.556494 2.42078
0.0862769 -0.0410524 1.62138
0.655627 -0.0629731 1.62113
0.02989 0.0186742 1.56336
-0.304508 -0.450035 2.26634
0.134668 -0.78197 2.97505
0.351093 0.122552 1.20196
0.276411 0.0842225 1.40684
-0.104665 1.00165 1.2493
-0.390328 0.915869 1.323
0.508244 0.839336 1.55154
0.00782286 -0.748981 2.796
0.200371 -0.173964 1.48348
1.05592 -0.205829 2.77176
-0.4169 0.148736 1.34367
-0.590623 0.138056 1.34634
-0.1721 0.94818 1.71964
0.245573 -0.473756 2.30326
0.300805 0.284199 1.12229
-0.155449 1.01634 1.26403
0.428064 -0.493356 2.20401
1.11119 0.109405 2.90128
0.389833 -0.0870117 1.55215
0.464721 -0.148473 2.04703
0.775109 0.839916 1.61003
0.833403 0.584755 2.0842
-0.0718124 -0.0909348 1.58044
-0.343055 -0.002943 1.60281
0.898485 0.0059615 2.22288
0.388401 -0.173698 3.44903
0.82268 -0.0356591 2.10614
0.137518 -0.098012 1.53745
-0.0999326 -0.0770158 1.65017
0.500742 -0.0148497 1.54232
-0.321796 1.06654 1.17524
0.899332 0.000606748 2.20022
0.508749 -0.187309 1.98236
-0.384655 -0.061572 1.5284
-0.431132 0.0672407 1.51256
-0.297178 0.0372484 1.50112
0.345828 0.105707 1.40705
-0.0537954 -0.0457231 1.62394
0.502392 0.0649319 1.45482
0.446591 -0.0825601 1.55084
0.561723 -0.447149 2.53021
-0.658966 -0.108213 1.53941
0.709579 0.236662 1.18576
-0.51885 -0.207707 1.41749
-0.00506104 0.122107 1.35592
1.10689 0.111791 2.87191
0.300154 0.217754 1.20307
0.196275 -0.311865 1.50659
-0.0268594 0.0321861 1.49166
0.276423 0.963673 1.4101
-0.400862 -0.0703797 1.66571
-0.100991 -0.518713 1.90793
0.884448 -0.0323704 2.17385
-0.356134 -0.173639 1.6525
-0.0814537 0.821675 1.30373
0.514983 -0.0685067 1.6872
-0.833111 -0.348159 1.99597
-0.660626 0.0369222 1.53939
0.50465 -0.0616428 1.71785
1.21756 0.604647 2.15595
-0.321946 -0.363137 2.2683
0.807825 0.832298 1.66144
-0.186139 0.926072 1.30269
0.587717 0.12457 1.27381
0.473551 0.223483 1.17035
0.483341 -0.078357 1.72598
0.645223 -0.0934579 1.6727
-0.0663695 -0.451899 2.42654
0.134637 -0.52378 2.26377
0.357044 0.1154 1.1911
0.748627 0.45804 2.26067
-0.589678 0.0265701 1.28563
0.818099 0.605042 2.02472
-0.402393 -0.0708834 1.66697
-0.384441 0.920751 1.34005
0.55379 0.209772 1.17194
-0.440066 -0.253525 1.57208
0.344154 -0.090385 1.53831
-0.638256 0.175419 1.33001
0.152226 -0.410612 2.4069
-0.519289 -0.232747 1.54351
0.813422 0.464676 2.21103
0.861159 -0.10947 2.22617
0.466153 0.225732 1.179
0.303616 0.118664 1.30684
-0.0798224 0.0570521 1.63234
1.156 0.469566 2.31014
0.0350751 0.847772 1.17708
0.209835 0.0809191 1.53366
0.477083 -0.066967 2.13235
-0.431108 -0.211745 1.62783
0.349271 -0.0368811 1.48738
-0.32971 0.986082 1.29422
0.550224 0.14738 1.23656
0.510518 -0.101605 1.89227
-0.576347 -0.262833 1.53991
0.584391 -0.22574 1.76674
-0.36419 0.0179084 1.56206
0.341226 0.0861121 1.37081
-0.296803 0.0295886 1.51241
0.180959 0.154699 1.31544
0.704047 0.0304982 1.41489
0.827141 -0.145829 2.27547
0.839459 0.0942488 2.15446
-0.132839 0.0515662 1.48551
0.612094 -0.0242687 1.43362
0.636733 -0.00373057 1.55855
0.162353 -0.0732611 1.56858
0.480929 -0.0736742 2.11602
0.0875306 -0.0269186 1.58849
-0.247899 -0.478936 2.50229
0.0769524 -0.0565157 1.57639
0.735165 0.279254 2.18052
0.68558 0.909592 1.63822
0.282857 0.13525 1.32294
0.313592 0.139867 1.23658
0.887673 -0.0401414 2.21988
0.716661 0.809286 1.62439
-0.272594 1.07744 1.22321
0.744798 0.723282 1.75387
0.205811 0.911083 1.53383
-0.00718599 -0.368451 2.15712
0.487692 -0.110409 1.97841
0.586178 -0.00723855 1.48877
-0.258948 0.796174 1.75873
0.485645 -0.0751611 1.71049
0.775411 0.842666 1.61378
1.08641 0.347561 2.48632
1.05075 0.274466 2.58723
-0.102202 -0.444827 1.89946
-0.156446 1.01058 1.3659
0.815739 0.623155 2.00544
0.00239654 -0.293267 2.18723
1.08082 0.687947 1.88271
1.20864 0.56217 2.10288
1.05198 0.617154 2.03147
1.07711 0.46309 2.3028
0.343682 0.194377 1.13643
0.224079 -0.402046 2.22009
-0.365618 -0.50495 2.0454
0.475475 -0.0974738 1.77748
0.656118 0.368436 0.963303
-0.587072 -0.267903 1.54419
0.118256 0.893664 1.4529
0.717655 0.169826 1.24632
-0.544511 1.02296 1.4394
0.587075 0.2154 1.18554
0.653827 0.215323 1.19544
0.0163304 -0.29946 2.25432
-0.0454593 -0.497117 2.535
-0.076168 0.979037 1.52852
0.453681 0.0254884 1.43409
0.0987631 -0.401929 2.17764
0.688648 -0.0634977 1.58669
0.138705 -0.0960089 1.53844
-0.0929955 0.956162 1.48517
0.348858 0.252291 1.16182
0.405256 0.108787 1.37503
0.158451 0.0693667 1.44881
0.580648 -0.0010483 1.49197
0.156307 -0.787289 2.9182
0.477139 0.000978033 1.45807
0.0418592 0.0596574 1.44108
-0.0100417 -0.293067 2.23384
-0.0953332 -0.178245 1.9448
0.303695 -0.453332 2.43621
-0.147572 -0.303441 2.11627
0.637237 0.130177 1.23318
1.10994 0.53136 2.20774
0.572977 0.128567 1.25666
0.0797493 -0.0200843 1.61581
0.505335 -0.0108653 1.5223
-0.0149683 0.0356587 1.56346
-0.0214662 0.0971703 1.38232
1.21031 0.555859 2.09038
0.36147 0.0354796 1.41403
0.420432 -0.450284 2.13161
0.319882 0.273868 1.09232
0.245114 -0.433753 2.24068
0.247676 0.29425 1.06864
-0.0764463 0.891606 1.41413
0.712457 -0.0832862 2.10389
0.900286 0.670958 1.96153
-0.0654994 -0.163609 1.86404
0.308565 -0.493807 2.29161
0.691238 0.246493 1.12014
0.0123459 1.07068 1.22133
1.05101 0.610837 2.01626
-0.410475 -0.17311 1.59699
0.00783987 1.04638 1.33359
-0.408957 -0.130622 1.46701
1.04406 0.753089 1.76394
0.457245 5.82679e-05 1.45578
0.265011 -0.544435 2.29531
-0.126523 0.906584 1.58243
0.347667 0.954015 1.45004
0.807662 0.455008 2.15433
0.781033 0.551601 2.67336
0.924208 0.795278 1.69549
0.659149 0.274759 1.08362
0.640242 -0.0520795 1.41132
0.583688 -0.0234737 1.53096
0.489872 0.0633314 1.48396
-0.00983234 -0.74788 2.83728
-0.243298 -0.553888 2.9645
0.583476 -0.0562859 1.63552
-0.425193 -0.215014 1.49435
0.496943 -0.0618684 1.71128
0.503277 -0.0709794 1.53071
0.711929 -0.18023 2.19579
0.749017 -0.101998 1.96535
0.766508 0.0326041 1.73848
0.394411 0.130903 1.46064
-0.494185 -0.135467 1.4489
0.952293 0.674167 1.92066
-0.120126 -0.540705 1.85802
1.00379 0.6067 2.07584
0.713278 -0.186429 2.18072
0.274214 0.124842 1.17036
0.506256 -0.0964984 2.03566
0.41155 0.937723 1.4651
0.118209 0.130486 1.33573
-0.103166 -0.445636 1.90805
0.655695 -0.00117836 1.48008
0.67432 0.295505 1.05477
-0.355534 -0.518292 2.5742
0.764299 0.695011 1.76172
-0.00328874 -0.814647 2.71271
1.04754 0.59769 1.9858
0.131587 -0.853268 2.84317
-0.351765 0.907864 1.55498
0.827811 0.0106217 1.99985
0.0688099 0.111656 1.34245
-0.175645 0.857409 1.3347
-0.15957 -0.469441 1.82545
1.07515 -0.0131631 3.24366
0.143415 0.234978 1.17509
0.612771 -0.0211375 1.53137
-0.0817331 -0.0696467 1.61773
0.515847 0.145616 1.20809
0.124094 0.251185 1.23895
1.25449 0.5339 2.16149
0.322845 0.127163 1.14052
0.140931 -0.528249 2.2578
0.696343 0.756035 1.72804
0.133393 -0.77662 2.97235
-0.0248436 -0.743274 2.84557
0.663243 -0.0375736 1.66351
0.532413 0.14728 1.19226
0.445709 -0.211156 3.34286
0.687764 -0.042043 1.55462
0.574766 -0.451098 2.48406
-0.321873 -0.449673 2.28491
0.0569088 0.0583771 1.40394
1.06488 -0.223896 3.41472
-0.237747 -0.397511 2.36311
-0.456021 -0.173345 1.42574
1.11095 0.111492 2.90178
0.178389 0.194244 1.23617
0.186357 0.171036 1.29619
0.756702 0.0429837 1.33384
0.630808 0.129345 1.24364
0.786661 0.677616 1.82303
-0.241714 -0.122595 1.59643
0.679196 0.312311 1.10557
-0.0665959 0.909427 1.31898
0.535167 0.366497 0.97218
0.228453 0.870043 1.4654
0.197099 0.182977 1.22716
-0.0395014 -0.365003 2.20863
0.371697 0.199098 1.2139
0.166564 -0.420206 1.47635
-0.239924 -0.298111 1.57365
-0.314824 0.103526 1.40852
0.580897 -0.0203153 1.53931
0.498252 0.0153403 1.48304
0.124284 -0.104318 1.55103
0.429913 -0.0672 1.93914
-0.374006 -0.506249 2.05418
-0.115032 -0.00836361 1.616
0.501145 0.0277267 1.43511
0.749071 0.0831983 2.77114
0.745036 -0.0602534 1.6393
0.312572 0.352676 1.00004
0.354729 0.110663 1.36522
0.65917 0.36874 0.957849
0.510182 -0.0425718 1.51874
-0.400321 -0.0963877 1.51231
-0.8143 -0.0344982 1.70173
0.500238 -0.0145069 1.47421
0.259391 -0.478035 2.2675
0.734644 0.714812 1.75673
-0.25416 0.121939 1.42087
0.408769 -0.443998 2.1643
0.238058 -0.433258 2.27053
0.308172 -0.498034 2.29305
0.0754862 0.0541481 1.42994
-0.0552146 0.961492 1.34822
0.923114 0.793608 1.69003
